%YAML:1.0
---
type: IMU
name: A3
Gyr:
   unit: " rad/s"
   avg-axis:
      gyr_n: 4.2611557851542364e-01
      gyr_w: 4.8477797168896648e-03
   x-axis:
      gyr_n: 4.2688651456728594e-01
      gyr_w: 4.8477797168896648e-03
   y-axis:
      gyr_n: 4.2625327315182510e-01
      gyr_w: 4.8477797168896648e-03
   z-axis:
      gyr_n: 4.2520694782716006e-01
      gyr_w: 4.8477797168896648e-03
Acc:
   unit: " m/s^2"
   avg-axis:
      acc_n: 5.4644252731012777e-01
      acc_w: 2.7576209605959339e-02
   x-axis:
      acc_n: 5.5239645976804308e-01
      acc_w: 2.9351780951267458e-02
   y-axis:
      acc_n: 5.4398233330117285e-01
      acc_w: 2.6681919716744405e-02
   z-axis:
      acc_n: 5.4294878886116726e-01
      acc_w: 2.6694928149866147e-02
