%YAML:1.0
---
type: IMU
name: A3
Gyr:
   unit: " rad/s"
   avg-axis:
      gyr_n: 2.1005136737149752e-01
      gyr_w: 8.1349004455386249e-04
   x-axis:
      gyr_n: 2.1127033002142895e-01
      gyr_w: 3.6622369602392105e-04
   y-axis:
      gyr_n: 2.1080985189621704e-01
      gyr_w: 1.1024945333896312e-03
   z-axis:
      gyr_n: 2.0807392019684659e-01
      gyr_w: 9.7175190424803526e-04
Acc:
   unit: " m/s^2"
   avg-axis:
      acc_n: 2.6703362658963320e-01
      acc_w: 3.3596581217933113e-03
   x-axis:
      acc_n: 2.6812494381835900e-01
      acc_w: 3.6458388531413343e-03
   y-axis:
      acc_n: 2.6662825984105848e-01
      acc_w: 3.2588561432905718e-03
   z-axis:
      acc_n: 2.6634767610948223e-01
      acc_w: 3.1742793689480274e-03
